function cmap = RedBlueColorMap()

cmap = [0.0196000000000000,0.188200000000000,0.380400000000000;...
    0.0471000000000000,0.241200000000000,0.453900000000000;...
    0.0745000000000000,0.294100000000000,0.527500000000000;...
    0.102000000000000,0.347100000000000,0.601000000000000;...
    0.129400000000000,0.400000000000000,0.674500000000000;...
    0.162700000000000,0.444100000000000,0.697100000000000;...
    0.196100000000000,0.488200000000000,0.719600000000000;...
    0.229400000000000,0.532400000000000,0.742200000000000;...
    0.262700000000000,0.576500000000000,0.764700000000000;...
    0.340200000000000,0.625500000000000,0.791200000000000;...
    0.417600000000000,0.674500000000000,0.817600000000000;...
    0.495100000000000,0.723500000000000,0.844100000000000;...
    0.572500000000000,0.772500000000000,0.870600000000000;...
    0.634300000000000,0.803900000000000,0.888200000000000;...
    0.696100000000000,0.835300000000000,0.905900000000000;...
    0.757800000000000,0.866700000000000,0.923500000000000;...
    0.819600000000000,0.898000000000000,0.941200000000000;...
    0.856900000000000,0.915700000000000,0.948000000000000;...
    0.894100000000000,0.933300000000000,0.954900000000000;...
    0.931400000000000,0.951000000000000,0.961800000000000;...
    0.968600000000000,0.968600000000000,0.968600000000000;...
    0.974500000000000,0.941200000000000,0.921600000000000;...
    0.980400000000000,0.913700000000000,0.874500000000000;...
    0.986300000000000,0.886300000000000,0.827500000000000;...
    0.992200000000000,0.858800000000000,0.780400000000000;...
    0.983300000000000,0.805900000000000,0.712700000000000;...
    0.974500000000000,0.752900000000000,0.645100000000000;...
    0.965700000000000,0.700000000000000,0.577500000000000;...
    0.956900000000000,0.647100000000000,0.509800000000000;...
    0.927500000000000,0.579400000000000,0.457800000000000;...
    0.898000000000000,0.511800000000000,0.405900000000000;...
    0.868600000000000,0.444100000000000,0.353900000000000;...
    0.839200000000000,0.376500000000000,0.302000000000000;...
    0.803900000000000,0.305900000000000,0.268600000000000;...
    0.768600000000000,0.235300000000000,0.235300000000000;...
    0.733300000000000,0.164700000000000,0.202000000000000;...
    0.698000000000000,0.0941000000000000,0.168600000000000;...
    0.624500000000000,0.0706000000000000,0.156900000000000;...
    0.551000000000000,0.0471000000000000,0.145100000000000;...
    0.477500000000000,0.0235000000000000,0.133300000000000;...
    0.403900000000000,0,0.121600000000000];

